fecha	cols	rows	boosting	objective	metric	first_metric_only	boost_from_average	feature_pre_filter	force_row_wise	verbosity	max_depth	min_gain_to_split	min_sum_hessian_in_leaf	lambda_l1	lambda_l2	max_bin	num_iterations	bagging_fraction	pos_bagging_fraction	neg_bagging_fraction	is_unbalance	scale_pos_weight	drop_rate	max_drop	skip_drop	extra_trees	seed	learning_rate	feature_fraction	num_leaves	min_data_in_leaf	estimulos	ganancia	iteracion_bayesiana
20231110 180920	610	976271	gbdt	binary	custom	TRUE	TRUE	FALSE	TRUE	-100	-1	0	0.001	0	0	31	160	1	1	1	FALSE	1	0.1	50	0.5	TRUE	997751	0.0615127365640365	0.124412706056464	890	33533	16368	130521811.094453	1
20231110 181356	610	976271	gbdt	binary	custom	TRUE	TRUE	FALSE	TRUE	-100	-1	0	0.001	0	0	31	402	1	1	1	FALSE	1	0.1	50	0.5	TRUE	997751	0.121975307213725	0.882554957931716	117	20943	13573	147282193.403298	2
20231110 181950	610	976271	gbdt	binary	custom	TRUE	TRUE	FALSE	TRUE	-100	-1	0	0.001	0	0	31	84	1	1	1	FALSE	1	0.1	50	0.5	TRUE	997751	0.171871110884822	0.543382557859295	615	252	14665	132385339.830085	3
20231110 182804	610	976271	gbdt	binary	custom	TRUE	TRUE	FALSE	TRUE	-100	-1	0	0.001	0	0	31	663	1	1	1	FALSE	1	0.1	50	0.5	TRUE	997751	0.181235373360687	0.366023866574833	145	41432	15463	139563897.551224	4
20231110 183140	610	976271	gbdt	binary	custom	TRUE	TRUE	FALSE	TRUE	-100	-1	0	0.001	0	0	31	19	1	1	1	FALSE	1	0.1	50	0.5	TRUE	997751	0.106680578128435	0.396345736711519	470	37900	13231	127575223.888056	5
20231110 183621	610	976271	gbdt	binary	custom	TRUE	TRUE	FALSE	TRUE	-100	-1	0	0.001	0	0	31	329	1	1	1	FALSE	1	0.1	50	0.5	TRUE	997751	0.150031049169484	0.199278492816957	443	17393	11110	139966871.564218	6
20231110 184116	610	976271	gbdt	binary	custom	TRUE	TRUE	FALSE	TRUE	-100	-1	0	0.001	0	0	31	257	1	1	1	FALSE	1	0.1	50	0.5	TRUE	997751	0.261138238456333	0.595343472198001	819	28086	14207	136066262.368816	7
20231110 184339	610	976271	gbdt	binary	custom	TRUE	TRUE	FALSE	TRUE	-100	-1	0	0.001	0	0	31	20	1	1	1	FALSE	1	0.1	50	0.5	TRUE	997751	0.12875817793305	0.801031789817207	694	24728	16444	131319286.356822	8
20231110 184714	610	976271	gbdt	binary	custom	TRUE	TRUE	FALSE	TRUE	-100	-1	0	0.001	0	0	31	298	1	1	1	FALSE	1	0.1	50	0.5	TRUE	997751	0.216920523925801	0.820520793561154	240	29017	13775	143756929.035482	9
20231110 185455	610	976271	gbdt	binary	custom	TRUE	TRUE	FALSE	TRUE	-100	-1	0	0.001	0	0	31	561	1	1	1	FALSE	1	0.1	50	0.5	TRUE	997751	0.0452571233961498	0.271757991511404	544	9427	13767	144979945.527236	10
20231110 185826	610	976271	gbdt	binary	custom	TRUE	TRUE	FALSE	TRUE	-100	-1	0	0.001	0	0	31	433	1	1	1	FALSE	1	0.1	50	0.5	TRUE	997751	0.272264137467137	0.069043665498175	373	13012	13618	135845554.222889	11
20231110 190113	610	976271	gbdt	binary	custom	TRUE	TRUE	FALSE	TRUE	-100	-1	0	0.001	0	0	31	88	1	1	1	FALSE	1	0.1	50	0.5	TRUE	997751	0.0368168283719569	0.643412979680725	267	45232	13993	134605441.77911	12
20231110 190429	610	976271	gbdt	binary	custom	TRUE	TRUE	FALSE	TRUE	-100	-1	0	0.001	0	0	31	124	1	1	1	FALSE	1	0.1	50	0.5	TRUE	997751	0.237943682851619	0.972001973045408	713	11088	13940	134240409.795102	13
20231110 190745	610	976271	gbdt	binary	custom	TRUE	TRUE	FALSE	TRUE	-100	-1	0	0.001	0	0	31	309	1	1	1	FALSE	1	0.1	50	0.5	TRUE	997751	0.282882515410893	0.710516991152981	974	48596	14503	142062908.045977	14
20231110 191237	610	976271	gbdt	binary	custom	TRUE	TRUE	FALSE	TRUE	-100	-1	0	0.001	0	0	31	142	1	1	1	FALSE	1	0.1	50	0.5	TRUE	997751	0.196073385443306	0.459006536293891	68	3258	10230	124028700.649675	15
20231110 191528	610	976271	gbdt	binary	custom	TRUE	TRUE	FALSE	TRUE	-100	-1	0	0.001	0	0	31	63	1	1	1	FALSE	1	0.1	50	0.5	TRUE	997751	0.0837448015902191	0.172371082311729	914	37120	15839	123974656.171914	16
20231110 192035	610	976271	gbdt	binary	custom	TRUE	TRUE	FALSE	TRUE	-100	-1	0	0.001	0	0	31	542	1	1	1	FALSE	1	0.1	50	0.5	TRUE	997751	0.137424125134846	0.867993186522627	136	23162	12824	145358396.801599	17
20231110 192345	610	976271	gbdt	binary	custom	TRUE	TRUE	FALSE	TRUE	-100	-1	0	0.001	0	0	31	116	1	1	1	FALSE	1	0.1	50	0.5	TRUE	997751	0.205373195138515	0.902212220209094	119	12826	14154	130486317.841079	18
20231110 192725	610	976271	gbdt	binary	custom	TRUE	TRUE	FALSE	TRUE	-100	-1	0	0.001	0	0	31	717	1	1	1	FALSE	1	0.1	50	0.5	TRUE	997751	0.152031477203761	0.751150767055643	8	21672	12949	142868604.197901	19
20231110 193001	610	976271	gbdt	binary	custom	TRUE	TRUE	FALSE	TRUE	-100	-1	0	0.001	0	0	31	326	1	1	1	FALSE	1	0.1	50	0.5	TRUE	997751	0.13146871778947	0.984040640585593	9	21973	14854	145377042.478761	20
20231110 193615	610	976271	gbdt	binary	custom	TRUE	TRUE	FALSE	TRUE	-100	-1	0	0.001	0	0	31	727	1	1	1	FALSE	1	0.1	50	0.5	TRUE	997751	0.0952707358929528	0.770619142555313	108	20193	12625	146416124.437781	21
20231110 194247	610	976271	gbdt	binary	custom	TRUE	TRUE	FALSE	TRUE	-100	-1	0	0.001	0	0	31	1216	1	1	1	FALSE	1	0.1	50	0.5	TRUE	997751	0.109118696092253	0.0657353356872671	151	20952	14954	137497512.243878	22
20231110 194702	610	976271	gbdt	binary	custom	TRUE	TRUE	FALSE	TRUE	-100	-1	0	0.001	0	0	31	327	1	1	1	FALSE	1	0.1	50	0.5	TRUE	997751	0.117036169650318	0.999699212598995	269	20062	11358	148667693.153423	23
20231110 195719	610	976271	gbdt	binary	custom	TRUE	TRUE	FALSE	TRUE	-100	-1	0	0.001	0	0	31	1356	1	1	1	FALSE	1	0.1	50	0.5	TRUE	997751	0.0431806776449492	0.998747677215733	236	20659	11829	148791142.928536	24
20231110 200101	610	976271	gbdt	binary	custom	TRUE	TRUE	FALSE	TRUE	-100	-1	0	0.001	0	0	31	69	1	1	1	FALSE	1	0.1	50	0.5	TRUE	997751	0.0206097478562329	0.998549937162123	173	19586	11497	138274323.338331	25
20231110 200610	610	976271	gbdt	binary	custom	TRUE	TRUE	FALSE	TRUE	-100	-1	0	0.001	0	0	31	519	1	1	1	FALSE	1	0.1	50	0.5	TRUE	997751	0.0631276282083711	0.998746594732278	286	18651	13798	145920726.636682	26
20231110 201116	610	976271	gbdt	binary	custom	TRUE	TRUE	FALSE	TRUE	-100	-1	0	0.001	0	0	31	568	1	1	1	FALSE	1	0.1	50	0.5	TRUE	997751	0.091253419283868	0.99710190378816	237	22134	12121	144555138.930535	27
20231110 201553	610	976271	gbdt	binary	custom	TRUE	TRUE	FALSE	TRUE	-100	-1	0	0.001	0	0	31	375	1	1	1	FALSE	1	0.1	50	0.5	TRUE	997751	0.113237783117291	0.999877020435229	192	15947	12700	144078050.974513	28
20231110 202528	610	976271	gbdt	binary	custom	TRUE	TRUE	FALSE	TRUE	-100	-1	0	0.001	0	0	31	1143	1	1	1	FALSE	1	0.1	50	0.5	TRUE	997751	0.04691123161133	0.678077836479131	269	20411	13529	146159688.655672	29
20231110 203440	610	976271	gbdt	binary	custom	TRUE	TRUE	FALSE	TRUE	-100	-1	0	0.001	0	0	31	1242	1	1	1	FALSE	1	0.1	50	0.5	TRUE	997751	0.0515119018582852	0.999662347607838	64	21013	12973	147219364.817591	30
20231110 204120	610	976271	gbdt	binary	custom	TRUE	TRUE	FALSE	TRUE	-100	-1	0	0.001	0	0	31	733	1	1	1	FALSE	1	0.1	50	0.5	TRUE	997751	0.0617590105907403	0.995738821504211	479	20564	13055	149395829.585207	31
20231110 204410	610	976271	gbdt	binary	custom	TRUE	TRUE	FALSE	TRUE	-100	-1	0	0.001	0	0	31	24	1	1	1	FALSE	1	0.1	50	0.5	TRUE	997751	0.0445127498920274	0.980249827027804	742	20855	12697	132270625.187406	32
20231110 205135	610	976271	gbdt	binary	custom	TRUE	TRUE	FALSE	TRUE	-100	-1	0	0.001	0	0	31	897	1	1	1	FALSE	1	0.1	50	0.5	TRUE	997751	0.047593609671568	0.998677519754358	420	20727	12073	147544492.253873	33
20231110 205656	610	976271	gbdt	binary	custom	TRUE	TRUE	FALSE	TRUE	-100	-1	0	0.001	0	0	31	448	1	1	1	FALSE	1	0.1	50	0.5	TRUE	997751	0.0607163649824405	0.98886324334483	486	13970	14394	143842779.610195	34
20231110 210434	610	976271	gbdt	binary	custom	TRUE	TRUE	FALSE	TRUE	-100	-1	0	0.001	0	0	31	986	1	1	1	FALSE	1	0.1	50	0.5	TRUE	997751	0.0517519565006175	0.998323377971002	225	24453	14789	144803416.791604	35
20231110 211029	610	976271	gbdt	binary	custom	TRUE	TRUE	FALSE	TRUE	-100	-1	0	0.001	0	0	31	631	1	1	1	FALSE	1	0.1	50	0.5	TRUE	997751	0.0699338867486854	0.77310023365999	469	20693	12981	143565063.968016	36
20231110 211920	610	976271	gbdt	binary	custom	TRUE	TRUE	FALSE	TRUE	-100	-1	0	0.001	0	0	31	1111	1	1	1	FALSE	1	0.1	50	0.5	TRUE	997751	0.0448318565791382	0.925544094392324	143	17427	13599	146319383.808096	37
20231110 212212	610	976271	gbdt	binary	custom	TRUE	TRUE	FALSE	TRUE	-100	-1	0	0.001	0	0	31	34	1	1	1	FALSE	1	0.1	50	0.5	TRUE	997751	0.0431805377723377	0.999455539803303	481	22316	11744	133543964.017991	38
20231110 212600	610	976271	gbdt	binary	custom	TRUE	TRUE	FALSE	TRUE	-100	-1	0	0.001	0	0	31	341	1	1	1	FALSE	1	0.1	50	0.5	TRUE	997751	0.231564634596269	0.699407629624085	879	30271	14234	143091775.112444	39
20231110 212852	610	976271	gbdt	binary	custom	TRUE	TRUE	FALSE	TRUE	-100	-1	0	0.001	0	0	31	41	1	1	1	FALSE	1	0.1	50	0.5	TRUE	997751	0.125930399200693	0.213202784186352	62	44382	16192	117026454.772614	40
20231110 213130	610	976271	gbdt	binary	custom	TRUE	TRUE	FALSE	TRUE	-100	-1	0	0.001	0	0	31	16	1	1	1	FALSE	1	0.1	50	0.5	TRUE	997751	0.0618283969163767	0.99204100738054	269	20535	13189	134480778.110945	41
20231110 213420	610	976271	gbdt	binary	custom	TRUE	TRUE	FALSE	TRUE	-100	-1	0	0.001	0	0	31	68	1	1	1	FALSE	1	0.1	50	0.5	TRUE	997751	0.0346716914121974	0.763763844154565	845	39980	13969	133104776.111944	42
20231110 213627	610	976271	gbdt	binary	custom	TRUE	TRUE	FALSE	TRUE	-100	-1	0	0.001	0	0	31	23	1	1	1	FALSE	1	0.1	50	0.5	TRUE	997751	0.124362175391999	0.649923987066497	316	49475	14669	132050193.403298	43
20231110 213920	610	976271	gbdt	binary	custom	TRUE	TRUE	FALSE	TRUE	-100	-1	0	0.001	0	0	31	14	1	1	1	FALSE	1	0.1	50	0.5	TRUE	997751	0.217178329590757	0.601606815461963	402	37082	14877	130570965.017491	44
20231110 214326	610	976271	gbdt	binary	custom	TRUE	TRUE	FALSE	TRUE	-100	-1	0	0.001	0	0	31	394	1	1	1	FALSE	1	0.1	50	0.5	TRUE	997751	0.205383877507366	0.125274451189268	969	22875	11771	136154544.227886	45
20231110 214807	610	976271	gbdt	binary	custom	TRUE	TRUE	FALSE	TRUE	-100	-1	0	0.001	0	0	31	465	1	1	1	FALSE	1	0.1	50	0.5	TRUE	997751	0.284906744494448	0.149694400041719	928	35788	15072	141117369.315342	46
20231110 215253	610	976271	gbdt	binary	custom	TRUE	TRUE	FALSE	TRUE	-100	-1	0	0.001	0	0	31	712	1	1	1	FALSE	1	0.1	50	0.5	TRUE	997751	0.212319774313307	0.0789313707490044	624	23126	12614	136245488.255872	47
20231110 220052	610	976271	gbdt	binary	custom	TRUE	TRUE	FALSE	TRUE	-100	-1	0	0.001	0	0	31	416	1	1	1	FALSE	1	0.1	50	0.5	TRUE	997751	0.247657908351348	0.614645622768598	963	1326	16420	132453643.178411	48
20231110 220401	610	976271	gbdt	binary	custom	TRUE	TRUE	FALSE	TRUE	-100	-1	0	0.001	0	0	31	143	1	1	1	FALSE	1	0.1	50	0.5	TRUE	997751	0.0255211616097767	0.771906651747928	242	43910	14805	135626469.265367	49
20231110 220747	610	976271	gbdt	binary	custom	TRUE	TRUE	FALSE	TRUE	-100	-1	0	0.001	0	0	31	214	1	1	1	FALSE	1	0.1	50	0.5	TRUE	997751	0.106001385209153	0.744650776075458	220	11337	12382	141711967.016492	50
20231110 221344	610	976271	gbdt	binary	custom	TRUE	TRUE	FALSE	TRUE	-100	-1	0	0.001	0	0	31	758	1	1	1	FALSE	1	0.1	50	0.5	TRUE	997751	0.182699113437164	0.0710789716161196	603	1172	16127	125020605.197401	51
20231110 221944	610	976271	gbdt	binary	custom	TRUE	TRUE	FALSE	TRUE	-100	-1	0	0.001	0	0	31	99	1	1	1	FALSE	1	0.1	50	0.5	TRUE	997751	0.0234823773419146	0.487257593566889	851	19093	13430	136682433.783108	52
20231110 222358	610	976271	gbdt	binary	custom	TRUE	TRUE	FALSE	TRUE	-100	-1	0	0.001	0	0	31	24	1	1	1	FALSE	1	0.1	50	0.5	TRUE	997751	0.0542385168399316	0.431397773308807	591	17790	12623	130508465.267366	53
20231110 222608	610	976271	gbdt	binary	custom	TRUE	TRUE	FALSE	TRUE	-100	-1	0	0.001	0	0	31	10	1	1	1	FALSE	1	0.1	50	0.5	TRUE	997751	0.208133483104595	0.825769254256458	476	25703	13703	134952783.108446	54
20231110 223027	610	976271	gbdt	binary	custom	TRUE	TRUE	FALSE	TRUE	-100	-1	0	0.001	0	0	31	68	1	1	1	FALSE	1	0.1	50	0.5	TRUE	997751	0.292584482029614	0.482223978739054	641	16761	14378	133692450.774613	55
20231110 223326	610	976271	gbdt	binary	custom	TRUE	TRUE	FALSE	TRUE	-100	-1	0	0.001	0	0	31	229	1	1	1	FALSE	1	0.1	50	0.5	TRUE	997751	0.261805158009201	0.987108550002591	56	34550	12599	140942012.493753	56
20231110 223701	610	976271	gbdt	binary	custom	TRUE	TRUE	FALSE	TRUE	-100	-1	0	0.001	0	0	31	159	1	1	1	FALSE	1	0.1	50	0.5	TRUE	997751	0.266665193726383	0.204991434051403	322	19310	11370	134184192.903548	57
20231110 224339	610	976271	gbdt	binary	custom	TRUE	TRUE	FALSE	TRUE	-100	-1	0	0.001	0	0	31	445	1	1	1	FALSE	1	0.1	50	0.5	TRUE	997751	0.222836647749735	0.37591561376959	858	38330	15455	135626994.002999	58
20231110 224800	610	976271	gbdt	binary	custom	TRUE	TRUE	FALSE	TRUE	-100	-1	0	0.001	0	0	31	348	1	1	1	FALSE	1	0.1	50	0.5	TRUE	997751	0.281620944921634	0.178017702848241	942	33067	14578	135820366.816592	59
20231110 225327	610	976271	gbdt	binary	custom	TRUE	TRUE	FALSE	TRUE	-100	-1	0	0.001	0	0	31	342	1	1	1	FALSE	1	0.1	50	0.5	TRUE	997751	0.134567288599088	0.290479267246837	788	30944	12462	139577754.122939	60
20231110 225705	610	976271	gbdt	binary	custom	TRUE	TRUE	FALSE	TRUE	-100	-1	0	0.001	0	0	31	399	1	1	1	FALSE	1	0.1	50	0.5	TRUE	997751	0.203521060787276	0.819692061895649	688	41837	15203	141976781.109445	61
20231110 225906	610	976271	gbdt	binary	custom	TRUE	TRUE	FALSE	TRUE	-100	-1	0	0.001	0	0	31	17	1	1	1	FALSE	1	0.1	50	0.5	TRUE	997751	0.215102299533775	0.911765012787635	41	37770	13182	136475785.107446	62
20231110 230428	610	976271	gbdt	binary	custom	TRUE	TRUE	FALSE	TRUE	-100	-1	0	0.001	0	0	31	845	1	1	1	FALSE	1	0.1	50	0.5	TRUE	997751	0.272296064612712	0.0829310076578426	846	33897	13250	134436346.826587	63
20231110 231232	610	976271	gbdt	binary	custom	TRUE	TRUE	FALSE	TRUE	-100	-1	0	0.001	0	0	31	738	1	1	1	FALSE	1	0.1	50	0.5	TRUE	997751	0.158303364262315	0.285418734206314	676	29508	12930	138385872.063968	64
20231110 231733	610	976271	gbdt	binary	custom	TRUE	TRUE	FALSE	TRUE	-100	-1	0	0.001	0	0	31	118	1	1	1	FALSE	1	0.1	50	0.5	TRUE	997751	0.295310677240635	0.512465270814729	233	12800	15145	122752556.221889	65
20231110 232116	610	976271	gbdt	binary	custom	TRUE	TRUE	FALSE	TRUE	-100	-1	0	0.001	0	0	31	305	1	1	1	FALSE	1	0.1	50	0.5	TRUE	997751	0.217782602149765	0.69373934847379	30	14089	15099	135774186.406797	66