fecha	cols	rows	boosting	objective	metric	first_metric_only	boost_from_average	feature_pre_filter	force_row_wise	verbosity	max_depth	min_gain_to_split	min_sum_hessian_in_leaf	lambda_l1	lambda_l2	max_bin	num_iterations	bagging_fraction	pos_bagging_fraction	neg_bagging_fraction	is_unbalance	scale_pos_weight	drop_rate	max_drop	skip_drop	extra_trees	seed	learning_rate	feature_fraction	num_leaves	min_data_in_leaf	estimulos	ganancia	iteracion_bayesiana
20231110 183243	610	976271	gbdt	binary	custom	TRUE	TRUE	FALSE	TRUE	-100	-1	0	0.001	0	0	31	120	1	1	1	FALSE	1	0.1	50	0.5	TRUE	997751	0.0615127365640365	0.124412706056464	890	33533	17121	120901225.887056	1
20231110 184136	610	976271	gbdt	binary	custom	TRUE	TRUE	FALSE	TRUE	-100	-1	0	0.001	0	0	31	249	1	1	1	FALSE	1	0.1	50	0.5	TRUE	997751	0.121975307213725	0.882554957931716	117	20943	13850	137231309.345327	2
20231110 184713	610	976271	gbdt	binary	custom	TRUE	TRUE	FALSE	TRUE	-100	-1	0	0.001	0	0	31	20	1	1	1	FALSE	1	0.1	50	0.5	TRUE	997751	0.171871110884822	0.543382557859295	615	252	13296	128392187.906047	3
20231110 185534	610	976271	gbdt	binary	custom	TRUE	TRUE	FALSE	TRUE	-100	-1	0	0.001	0	0	31	635	1	1	1	FALSE	1	0.1	50	0.5	TRUE	997751	0.181235373360687	0.366023866574833	145	41432	15514	139493754.122939	4
20231110 190426	610	976271	gbdt	binary	custom	TRUE	TRUE	FALSE	TRUE	-100	-1	0	0.001	0	0	31	639	1	1	1	FALSE	1	0.1	50	0.5	TRUE	997751	0.106680578128435	0.396345736711519	470	37900	13730	141695077.461269	5
20231110 190839	610	976271	gbdt	binary	custom	TRUE	TRUE	FALSE	TRUE	-100	-1	0	0.001	0	0	31	184	1	1	1	FALSE	1	0.1	50	0.5	TRUE	997751	0.150031049169484	0.199278492816957	443	17393	13264	141520675.662169	6
20231110 191221	610	976271	gbdt	binary	custom	TRUE	TRUE	FALSE	TRUE	-100	-1	0	0.001	0	0	31	9	1	1	1	FALSE	1	0.1	50	0.5	TRUE	997751	0.261138238456333	0.595343472198001	819	28086	17347	122468071.464268	7
20231110 191725	610	976271	gbdt	binary	custom	TRUE	TRUE	FALSE	TRUE	-100	-1	0	0.001	0	0	31	267	1	1	1	FALSE	1	0.1	50	0.5	TRUE	997751	0.12875817793305	0.801031789817207	694	24728	12714	142100230.884558	8
20231110 192128	610	976271	gbdt	binary	custom	TRUE	TRUE	FALSE	TRUE	-100	-1	0	0.001	0	0	31	164	1	1	1	FALSE	1	0.1	50	0.5	TRUE	997751	0.216920523925801	0.820520793561154	240	29017	12402	141109778.110945	9
20231110 193140	610	976271	gbdt	binary	custom	TRUE	TRUE	FALSE	TRUE	-100	-1	0	0.001	0	0	31	739	1	1	1	FALSE	1	0.1	50	0.5	TRUE	997751	0.0452571233961498	0.271757991511404	544	9427	14437	143801209.895052	10
20231110 193447	610	976271	gbdt	binary	custom	TRUE	TRUE	FALSE	TRUE	-100	-1	0	0.001	0	0	31	171	1	1	1	FALSE	1	0.1	50	0.5	TRUE	997751	0.272264137467137	0.069043665498175	373	13012	11847	106110740.129935	11
20231110 193837	610	976271	gbdt	binary	custom	TRUE	TRUE	FALSE	TRUE	-100	-1	0	0.001	0	0	31	83	1	1	1	FALSE	1	0.1	50	0.5	TRUE	997751	0.0368168283719569	0.643412979680725	267	45232	15898	120762635.682159	12
20231110 194341	610	976271	gbdt	binary	custom	TRUE	TRUE	FALSE	TRUE	-100	-1	0	0.001	0	0	31	177	1	1	1	FALSE	1	0.1	50	0.5	TRUE	997751	0.237943682851619	0.972001973045408	713	11088	14313	135749649.675162	13
20231110 194713	610	976271	gbdt	binary	custom	TRUE	TRUE	FALSE	TRUE	-100	-1	0	0.001	0	0	31	139	1	1	1	FALSE	1	0.1	50	0.5	TRUE	997751	0.282882515410893	0.710516991152981	974	48596	11667	142300775.112444	14
20231110 195350	610	976271	gbdt	binary	custom	TRUE	TRUE	FALSE	TRUE	-100	-1	0	0.001	0	0	31	324	1	1	1	FALSE	1	0.1	50	0.5	TRUE	997751	0.196073385443306	0.459006536293891	68	3258	15287	127665562.718641	15
20231110 195709	610	976271	gbdt	binary	custom	TRUE	TRUE	FALSE	TRUE	-100	-1	0	0.001	0	0	31	78	1	1	1	FALSE	1	0.1	50	0.5	TRUE	997751	0.0837448015902191	0.172371082311729	914	37120	16372	123567134.432784	16
20231110 200251	610	976271	gbdt	binary	custom	TRUE	TRUE	FALSE	TRUE	-100	-1	0	0.001	0	0	31	325	1	1	1	FALSE	1	0.1	50	0.5	TRUE	997751	0.14032017109804	0.247768684294222	334	16436	14140	133681529.235382	17
20231110 202023	610	976271	gbdt	binary	custom	TRUE	TRUE	FALSE	TRUE	-100	-1	0	0.001	0	0	31	1849	1	1	1	FALSE	1	0.1	50	0.5	TRUE	997751	0.027305414270752	0.211702739724597	608	8930	14068	143446098.950525	18
20231110 202947	610	976271	gbdt	binary	custom	TRUE	TRUE	FALSE	TRUE	-100	-1	0	0.001	0	0	31	749	1	1	1	FALSE	1	0.1	50	0.5	TRUE	997751	0.0980056777952912	0.333827206630174	539	29619	14192	135201407.296352	19
20231110 203412	610	976271	gbdt	binary	custom	TRUE	TRUE	FALSE	TRUE	-100	-1	0	0.001	0	0	31	256	1	1	1	FALSE	1	0.1	50	0.5	TRUE	997751	0.275774350922852	0.755028171676771	900	39480	13478	135977578.210895	20
20231110 210550	610	976271	gbdt	binary	custom	TRUE	TRUE	FALSE	TRUE	-100	-1	0	0.001	0	0	31	2697	1	1	1	FALSE	1	0.1	50	0.5	TRUE	997751	0.0203323538943333	0.273597117357414	781	4255	13442	147391097.451274	21
20231110 211629	610	976271	gbdt	binary	custom	TRUE	TRUE	FALSE	TRUE	-100	-1	0	0.001	0	0	31	485	1	1	1	FALSE	1	0.1	50	0.5	TRUE	997751	0.0457069519787262	0.281266013715192	1022	128	12844	143427152.423788	22
20231110 212220	610	976271	gbdt	binary	custom	TRUE	TRUE	FALSE	TRUE	-100	-1	0	0.001	0	0	31	152	1	1	1	FALSE	1	0.1	50	0.5	TRUE	997751	0.225893110915597	0.273970123815447	765	170	10949	114315180.909545	23
20231110 213735	610	976271	gbdt	binary	custom	TRUE	TRUE	FALSE	TRUE	-100	-1	0	0.001	0	0	31	1387	1	1	1	FALSE	1	0.1	50	0.5	TRUE	997751	0.02011186752607	0.251845840792915	819	11414	15093	136653387.806097	24
20231110 214957	610	976271	gbdt	binary	custom	TRUE	TRUE	FALSE	TRUE	-100	-1	0	0.001	0	0	31	625	1	1	1	FALSE	1	0.1	50	0.5	TRUE	997751	0.0336765659731392	0.30738478974435	577	2443	13405	147556624.187906	25
20231110 220848	610	976271	gbdt	binary	custom	TRUE	TRUE	FALSE	TRUE	-100	-1	0	0.001	0	0	31	1699	1	1	1	FALSE	1	0.1	50	0.5	TRUE	997751	0.0203404704862168	0.293386042429349	725	9726	14519	142645380.809595	26
20231110 221404	610	976271	gbdt	binary	custom	TRUE	TRUE	FALSE	TRUE	-100	-1	0	0.001	0	0	31	399	1	1	1	FALSE	1	0.1	50	0.5	TRUE	997751	0.180846644610608	0.999929820773411	464	49997	13140	143703318.34083	27
20231110 222954	610	976271	gbdt	binary	custom	TRUE	TRUE	FALSE	TRUE	-100	-1	0	0.001	0	0	31	733	1	1	1	FALSE	1	0.1	50	0.5	TRUE	997751	0.0200339445151562	0.529716350651735	451	424	14007	146732429.285357	28
20231110 223512	610	976271	gbdt	binary	custom	TRUE	TRUE	FALSE	TRUE	-100	-1	0	0.001	0	0	31	363	1	1	1	FALSE	1	0.1	50	0.5	TRUE	997751	0.153214705947782	0.710137907164921	597	40376	12445	139911546.726637	29
20231110 225002	610	976271	gbdt	binary	custom	TRUE	TRUE	FALSE	TRUE	-100	-1	0	0.001	0	0	31	446	1	1	1	FALSE	1	0.1	50	0.5	TRUE	997751	0.030891307665697	0.998964975738362	771	114	10890	151174917.541229	30
20231110 225324	610	976271	gbdt	binary	custom	TRUE	TRUE	FALSE	TRUE	-100	-1	0	0.001	0	0	31	184	1	1	1	FALSE	1	0.1	50	0.5	TRUE	997751	0.239182914722746	0.99847572707261	8	49892	15612	129829283.358321	31
20231110 225847	610	976271	gbdt	binary	custom	TRUE	TRUE	FALSE	TRUE	-100	-1	0	0.001	0	0	31	444	1	1	1	FALSE	1	0.1	50	0.5	TRUE	997751	0.182356266675259	0.999592719655958	1024	49850	12603	142253982.508746	32
20231110 230410	610	976271	gbdt	binary	custom	TRUE	TRUE	FALSE	TRUE	-100	-1	0	0.001	0	0	31	182	1	1	1	FALSE	1	0.1	50	0.5	TRUE	997751	0.122792944778954	0.999705395475514	464	9083	13391	138977002.998501	33
20231110 231551	610	976271	gbdt	binary	custom	TRUE	TRUE	FALSE	TRUE	-100	-1	0	0.001	0	0	31	372	1	1	1	FALSE	1	0.1	50	0.5	TRUE	997751	0.0257622683701303	0.720266522681959	761	124	12629	143605055.972014	34
20231110 232014	610	976271	gbdt	binary	custom	TRUE	TRUE	FALSE	TRUE	-100	-1	0	0.001	0	0	31	29	1	1	1	FALSE	1	0.1	50	0.5	TRUE	997751	0.0201199247246956	0.279892036243603	9	118	15552	130271532.233883	35
20231110 233104	610	976271	gbdt	binary	custom	TRUE	TRUE	FALSE	TRUE	-100	-1	0	0.001	0	0	31	593	1	1	1	FALSE	1	0.1	50	0.5	TRUE	997751	0.0465770824962341	0.999941464430193	584	4569	12771	149224009.495252	36
20231110 233557	610	976271	gbdt	binary	custom	TRUE	TRUE	FALSE	TRUE	-100	-1	0	0.001	0	0	31	237	1	1	1	FALSE	1	0.1	50	0.5	TRUE	997751	0.181569495687229	0.999662121930662	533	24930	12616	142482162.918541	37
20231110 235926	610	976271	gbdt	binary	custom	TRUE	TRUE	FALSE	TRUE	-100	-1	0	0.001	0	0	31	1724	1	1	1	FALSE	1	0.1	50	0.5	TRUE	997751	0.020070877237676	0.999868597903562	677	4110	12457	149558001.49925	38
20231111 001533	610	976271	gbdt	binary	custom	TRUE	TRUE	FALSE	TRUE	-100	-1	0	0.001	0	0	31	961	1	1	1	FALSE	1	0.1	50	0.5	TRUE	997751	0.0430017353499825	0.999768078770687	1024	2794	11781	146906033.483258	39
20231111 001800	610	976271	gbdt	binary	custom	TRUE	TRUE	FALSE	TRUE	-100	-1	0	0.001	0	0	31	230	1	1	1	FALSE	1	0.1	50	0.5	TRUE	997751	0.159014786305776	0.0100339248444686	520	33347	12026	119465456.271864	40
20231111 003824	610	976271	gbdt	binary	custom	TRUE	TRUE	FALSE	TRUE	-100	-1	0	0.001	0	0	31	1530	1	1	1	FALSE	1	0.1	50	0.5	TRUE	997751	0.030864600869919	0.433924833773302	701	4415	12402	148713856.071964	41
20231111 004718	610	976271	gbdt	binary	custom	TRUE	TRUE	FALSE	TRUE	-100	-1	0	0.001	0	0	31	224	1	1	1	FALSE	1	0.1	50	0.5	TRUE	997751	0.0428057261522693	0.920497749677504	727	163	13107	148022514.242879	42
20231111 010412	610	976271	gbdt	binary	custom	TRUE	TRUE	FALSE	TRUE	-100	-1	0	0.001	0	0	31	1825	1	1	1	FALSE	1	0.1	50	0.5	TRUE	997751	0.0432268915634734	0.999964187290575	758	20339	12026	140772882.558721	43
20231111 011058	610	976271	gbdt	binary	custom	TRUE	TRUE	FALSE	TRUE	-100	-1	0	0.001	0	0	31	668	1	1	1	FALSE	1	0.1	50	0.5	TRUE	997751	0.20188143489235	0.829065302402061	720	49937	13648	133499382.308846	44
20231111 011729	610	976271	gbdt	binary	custom	TRUE	TRUE	FALSE	TRUE	-100	-1	0	0.001	0	0	31	589	1	1	1	FALSE	1	0.1	50	0.5	TRUE	997751	0.124493845889817	0.999957667176793	677	41396	15473	141988710.144928	45
20231111 012328	610	976271	gbdt	binary	custom	TRUE	TRUE	FALSE	TRUE	-100	-1	0	0.001	0	0	31	328	1	1	1	FALSE	1	0.1	50	0.5	TRUE	997751	0.0664491383999907	0.127842291865804	661	170	11667	129558186.406797	46
20231111 013255	610	976271	gbdt	binary	custom	TRUE	TRUE	FALSE	TRUE	-100	-1	0	0.001	0	0	31	356	1	1	1	FALSE	1	0.1	50	0.5	TRUE	997751	0.0305563879429329	0.999883906709526	494	101	13331	150133414.792604	47
20231111 014614	610	976271	gbdt	binary	custom	TRUE	TRUE	FALSE	TRUE	-100	-1	0	0.001	0	0	31	700	1	1	1	FALSE	1	0.1	50	0.5	TRUE	997751	0.0200807839110213	0.388435127331856	544	109	13513	149399264.867566	48
20231111 015711	610	976271	gbdt	binary	custom	TRUE	TRUE	FALSE	TRUE	-100	-1	0	0.001	0	0	31	537	1	1	1	FALSE	1	0.1	50	0.5	TRUE	997751	0.0331977144686121	0.999694319027238	662	3699	13046	142573012.493753	49
20231111 021753	610	976271	gbdt	binary	custom	TRUE	TRUE	FALSE	TRUE	-100	-1	0	0.001	0	0	31	1175	1	1	1	FALSE	1	0.1	50	0.5	TRUE	997751	0.0201293712422172	0.87267508018411	559	2110	12021	148379496.751624	50
20231111 022239	610	976271	gbdt	binary	custom	TRUE	TRUE	FALSE	TRUE	-100	-1	0	0.001	0	0	31	123	1	1	1	FALSE	1	0.1	50	0.5	TRUE	997751	0.02162984288475	0.998988967714197	699	35385	15274	129334973.513243	51
20231111 023031	610	976271	gbdt	binary	custom	TRUE	TRUE	FALSE	TRUE	-100	-1	0	0.001	0	0	31	367	1	1	1	FALSE	1	0.1	50	0.5	TRUE	997751	0.053419006792937	0.962603911605579	984	5700	13914	143920860.569715	52
20231111 024536	610	976271	gbdt	binary	custom	TRUE	TRUE	FALSE	TRUE	-100	-1	0	0.001	0	0	31	755	1	1	1	FALSE	1	0.1	50	0.5	TRUE	997751	0.0209241169574826	0.410820295074821	976	1521	14814	150154253.873063	53
20231111 025720	610	976271	gbdt	binary	custom	TRUE	TRUE	FALSE	TRUE	-100	-1	0	0.001	0	0	31	421	1	1	1	FALSE	1	0.1	50	0.5	TRUE	997751	0.0277005725472754	0.420779729128909	960	109	12373	144391238.88056	54
20231111 031126	610	976271	gbdt	binary	custom	TRUE	TRUE	FALSE	TRUE	-100	-1	0	0.001	0	0	31	770	1	1	1	FALSE	1	0.1	50	0.5	TRUE	997751	0.0200207485518138	0.414631268438848	511	2883	12356	146521873.063468	55
20231111 032043	610	976271	gbdt	binary	custom	TRUE	TRUE	FALSE	TRUE	-100	-1	0	0.001	0	0	31	497	1	1	1	FALSE	1	0.1	50	0.5	TRUE	997751	0.0456309634284447	0.368540605474834	710	4534	14156	142818064.967516	56
20231111 032740	610	976271	gbdt	binary	custom	TRUE	TRUE	FALSE	TRUE	-100	-1	0	0.001	0	0	31	606	1	1	1	FALSE	1	0.1	50	0.5	TRUE	997751	0.0493774001083319	0.999586487193943	34	8121	12258	144018447.776112	57
20231111 034219	610	976271	gbdt	binary	custom	TRUE	TRUE	FALSE	TRUE	-100	-1	0	0.001	0	0	31	636	1	1	1	FALSE	1	0.1	50	0.5	TRUE	997751	0.0213325869369007	0.492997573805848	705	120	13233	148293677.661169	58
20231111 035810	610	976271	gbdt	binary	custom	TRUE	TRUE	FALSE	TRUE	-100	-1	0	0.001	0	0	31	499	1	1	1	FALSE	1	0.1	50	0.5	TRUE	997751	0.020123640856927	0.936869273209486	875	449	12405	150120982.008996	59
20231111 042238	610	976271	gbdt	binary	custom	TRUE	TRUE	FALSE	TRUE	-100	-1	0	0.001	0	0	31	2017	1	1	1	FALSE	1	0.1	50	0.5	TRUE	997751	0.0200433470381267	0.775432036784396	696	5538	11358	145655279.36032	60
20231111 043634	610	976271	gbdt	binary	custom	TRUE	TRUE	FALSE	TRUE	-100	-1	0	0.001	0	0	31	1006	1	1	1	FALSE	1	0.1	50	0.5	TRUE	997751	0.0294859436913367	0.36837646423212	899	6439	12987	148233528.735632	61
20231111 044501	610	976271	gbdt	binary	custom	TRUE	TRUE	FALSE	TRUE	-100	-1	0	0.001	0	0	31	192	1	1	1	FALSE	1	0.1	50	0.5	TRUE	997751	0.0491010423691571	0.998554455826999	526	1621	14716	145565731.134433	62
20231111 050717	610	976271	gbdt	binary	custom	TRUE	TRUE	FALSE	TRUE	-100	-1	0	0.001	0	0	31	1676	1	1	1	FALSE	1	0.1	50	0.5	TRUE	997751	0.0200751486162186	0.43982716110286	1017	4987	12256	149226510.744628	63
20231111 052017	610	976271	gbdt	binary	custom	TRUE	TRUE	FALSE	TRUE	-100	-1	0	0.001	0	0	31	519	1	1	1	FALSE	1	0.1	50	0.5	TRUE	997751	0.0200484853459356	0.391301242291204	745	1011	15562	148758493.753123	64
20231111 053722	610	976271	gbdt	binary	custom	TRUE	TRUE	FALSE	TRUE	-100	-1	0	0.001	0	0	31	1325	1	1	1	FALSE	1	0.1	50	0.5	TRUE	997751	0.0306970822788413	0.328496466919388	1024	3534	12254	147175003.498251	65
20231111 054835	610	976271	gbdt	binary	custom	TRUE	TRUE	FALSE	TRUE	-100	-1	0	0.001	0	0	31	569	1	1	1	FALSE	1	0.1	50	0.5	TRUE	997751	0.0367532479339282	0.532605997730981	509	7804	14380	145598250.874563	66